130 1
132 1
136 1
265 1
137 1
140 1
13 1
146 1
156 1
285 1
284 1
293 1
40 1
44 1
45 1
48 1
176 1
309 1
59 1
188 1
317 1
194 1
328 1
79 1
229 1
357 1
105 1
108 1
236 1
241 1
379 1
129 2
4 2
138 2
144 2
162 2
170 2
54 2
185 2
313 2
187 2
316 2
315 2
193 2
201 2
78 2
338 2
211 2
354 2
100 2
230 2
104 2
235 2
243 2
115 2
119 2
382 2
267 3
14 3
271 3
22 3
157 3
289 3
34 3
172 3
308 3
57 3
314 3
318 3
67 3
222 3
351 3
99 3
361 3
114 3
116 3
118 3
126 3
383 3
134 4
264 4
16 4
276 4
20 4
151 4
282 4
32 4
38 4
168 4
53 4
62 4
203 4
84 4
86 4
216 4
225 4
98 4
355 4
362 4
374 4
252 4
65 5
353 5
133 5
102 5
9 5
42 5
299 5
204 5
334 5
337 5
117 5
89 5
186 5
381 5
63 5
97 6
2 6
325 6
327 6
171 6
239 6
180 6
277 6
214 6
281 6
61 6
30 6
127 6
226 7
322 7
69 7
103 7
295 7
270 7
142 7
82 7
213 7
246 7
55 7
219 7
380 7
196 8
5 8
358 8
135 8
261 8
329 8
202 8
207 8
272 8
143 8
51 8
278 8
221 8
254 8
352 9
321 9
33 9
3 9
232 9
72 9
333 9
46 9
206 9
112 9
336 9
175 9
371 9
23 9
311 9
94 9
192 10
39 10
363 10
155 10
301 10
141 10
238 10
240 10
17 10
306 10
148 10
21 10
375 10
283 10
253 10
31 10
256 11
323 11
195 11
294 11
331 11
107 11
12 11
341 11
182 11
58 11
347 11
28 11
288 12
324 12
260 12
36 12
73 12
268 12
109 12
19 12
245 12
343 12
184 12
346 12
161 13
217 13
345 13
41 13
11 13
300 13
56 13
25 13
122 13
251 13
220 13
356 14
15 14
367 14
369 14
377 14
378 14
66 15
259 15
227 15
167 15
359 15
8 15
111 15
305 15
274 15
339 15
280 15
218 15
124 15
96 16
385 16
165 16
326 16
139 16
76 16
81 16
275 16
181 16
123 16
35 17
131 17
198 17
200 17
330 17
302 17
18 17
210 17
190 17
64 18
163 18
263 18
296 18
47 18
189 18
349 18
93 18
160 19
215 19
360 19
110 19
273 19
145 19
179 19
372 19
279 19
312 19
90 19
125 19
95 19
255 19
228 20
199 20
169 20
106 20
244 20
150 20
154 20
1 21
262 21
71 21
173 21
80 21
52 21
342 21
248 21
26 21
29 21
287 21
291 22
101 22
166 22
231 22
177 22
50 22
113 22
344 22
121 22
348 22
320 23
350 23
128 23
266 23
332 23
174 23
335 23
49 23
310 23
286 23
366 24
242 24
147 24
85 24
250 24
27 24
158 24
258 25
164 25
70 25
6 25
234 25
77 25
307 25
224 26
292 26
43 26
209 26
178 26
212 26
92 26
7 27
297 27
303 27
340 27
183 27
152 27
24 27
159 27
83 28
10 28
37 28
373 28
364 29
247 29
120 29
88 29
223 29
290 30
68 30
269 30
208 30
249 30
91 30
319 30
304 31
75 31
60 31
191 32
298 32
87 32
376 33
368 33
365 33
257 34
197 34
74 34
205 34
149 34
153 34
384 35
370 35
233 36
237 36
