133 1
135 1
136 1
9 1
138 1
139 1
13 1
162 1
166 1
40 1
185 1
58 1
315 1
187 1
316 1
193 1
329 1
80 1
341 1
353 1
357 1
229 1
232 1
105 1
362 1
236 1
365 1
112 1
241 1
245 1
382 1
129 2
137 2
11 2
148 2
22 2
283 2
156 2
285 2
284 2
31 2
171 2
44 2
301 2
313 2
63 2
195 2
354 2
100 2
360 2
104 2
363 2
238 2
243 2
375 2
381 2
259 3
4 3
142 3
274 3
158 3
32 3
168 3
310 3
57 3
314 3
188 3
194 3
328 3
355 3
356 3
99 3
361 3
115 3
117 3
119 3
383 3
197 4
41 4
235 4
140 4
77 4
270 4
239 4
207 4
209 4
15 4
176 4
309 4
118 4
213 4
56 4
380 4
317 4
64 5
33 5
2 5
358 5
333 5
46 5
174 5
141 5
337 5
178 5
211 5
23 5
116 5
206 5
311 5
89 5
189 5
94 5
289 6
161 6
67 6
134 6
39 6
8 6
169 6
332 6
271 6
240 6
51 6
150 6
186 6
379 6
318 7
34 7
165 7
200 7
298 7
335 7
272 7
113 7
85 7
278 7
182 7
87 7
92 7
222 7
322 8
3 8
132 8
359 8
73 8
203 8
299 8
204 8
110 8
334 8
145 8
49 8
181 8
86 8
215 8
95 8
224 9
217 9
37 9
281 9
325 9
300 9
78 9
114 9
83 9
275 9
277 9
180 9
340 9
61 9
373 9
251 9
220 9
93 9
288 10
323 10
5 10
327 10
167 10
107 10
268 10
346 10
47 10
177 10
50 10
339 10
218 10
101 11
10 11
76 11
108 11
143 11
304 11
157 11
349 11
127 11
130 12
35 12
154 12
265 12
170 12
302 12
16 12
276 12
246 12
216 12
282 12
62 12
384 13
385 13
261 13
6 13
280 13
152 13
305 13
183 13
66 13
326 13
74 13
91 13
221 13
351 13
96 13
230 13
234 13
111 13
250 13
124 13
160 14
257 14
324 14
7 14
45 14
81 14
147 14
52 14
214 14
344 14
249 14
159 14
198 15
103 15
199 15
266 15
14 15
336 15
338 15
88 15
120 15
286 15
290 16
163 16
38 16
42 16
172 16
208 16
252 16
29 16
190 16
102 17
122 17
173 17
366 17
219 17
205 17
17 17
242 17
212 17
342 17
345 17
26 17
59 17
287 17
1 18
370 18
371 18
28 18
260 19
69 19
331 19
237 19
55 19
347 19
255 19
72 20
79 20
303 20
273 20
19 20
179 20
279 20
319 20
364 21
367 21
368 21
369 21
376 21
377 21
378 21
121 22
291 22
231 22
48 22
21 22
53 22
153 22
262 23
70 23
75 23
269 23
175 23
18 23
54 23
192 24
256 24
227 24
43 24
210 24
244 24
308 24
155 24
248 25
312 25
131 25
71 25
144 25
24 25
191 25
320 26
225 26
293 26
106 26
12 26
109 26
146 26
84 26
343 26
372 27
374 27
352 28
164 28
263 28
184 28
125 28
30 28
258 29
226 29
267 29
82 29
254 29
27 29
350 29
128 30
97 30
292 30
68 30
25 30
90 30
330 31
60 31
149 31
247 31
65 32
321 32
36 32
295 32
223 32
98 33
196 33
294 33
264 33
202 33
306 33
20 33
297 34
123 34
307 34
151 35
228 35
348 35
201 36
253 36
233 37
126 38
296 39
