1 1
193 1
3 1
132 1
261 1
134 1
199 1
327 1
137 1
138 1
140 1
142 1
339 1
22 1
156 1
29 1
285 1
35 1
99 1
229 1
355 1
167 1
40 1
104 1
358 1
43 1
236 1
109 1
241 1
309 1
185 1
187 1
62 1
194 2
4 2
67 2
133 2
323 2
136 2
328 2
20 2
212 2
85 2
284 2
94 2
353 2
162 2
354 2
38 2
166 2
313 2
235 2
44 2
114 2
379 2
116 2
118 2
316 2
57 2
58 2
315 2
188 2
2 3
68 3
5 3
135 3
141 3
205 3
23 3
119 3
153 3
28 3
100 3
39 3
361 3
362 3
183 3
314 3
59 3
66 4
6 4
70 4
263 4
332 4
274 4
87 4
280 4
222 4
357 4
168 4
105 4
112 4
177 4
52 4
186 4
381 4
126 4
130 5
195 5
69 5
197 5
9 5
13 5
270 5
80 5
209 5
86 5
24 5
30 5
159 5
33 5
360 5
297 5
237 5
173 5
48 5
113 5
288 6
320 6
131 6
259 6
7 6
41 6
170 6
333 6
111 6
176 6
49 6
25 6
346 6
60 6
157 6
382 6
64 7
352 7
258 7
102 7
383 7
8 7
15 7
82 7
115 7
117 7
216 7
26 7
61 7
158 7
224 8
295 8
359 8
10 8
77 8
283 8
147 8
340 8
213 8
55 8
219 8
380 8
63 8
32 9
65 9
74 9
106 9
172 9
14 9
273 9
83 9
279 9
27 9
221 9
42 10
11 10
171 10
301 10
238 10
81 10
178 10
149 10
56 10
120 10
317 10
31 10
98 11
73 11
265 11
12 11
108 11
45 11
79 11
146 11
53 11
342 11
345 11
122 11
287 11
231 12
139 12
110 12
174 12
16 12
51 12
245 12
150 12
91 12
124 12
160 13
161 13
196 13
36 13
294 13
203 13
204 13
303 13
338 13
244 13
347 13
95 13
260 14
200 14
175 14
17 14
243 14
54 14
123 14
220 14
189 14
262 15
72 15
201 15
232 15
144 15
336 15
211 15
311 15
89 15
92 15
191 15
96 16
225 16
322 16
292 16
71 16
276 16
84 16
151 16
248 16
282 16
128 17
34 17
163 17
290 17
269 17
335 17
208 17
217 17
318 17
255 17
324 18
101 18
202 18
75 18
302 18
272 18
18 18
50 18
210 18
278 18
97 19
325 19
169 19
76 19
304 19
275 19
180 19
277 19
281 19
127 19
330 20
266 20
239 20
19 20
184 20
155 20
286 20
319 20
129 21
289 21
267 21
271 21
21 21
254 21
93 21
190 21
227 22
37 22
230 22
329 22
78 22
143 22
207 22
182 22
154 22
226 23
291 23
164 23
103 23
296 23
47 23
341 23
344 23
218 23
88 23
349 23
264 24
299 24
206 24
334 24
145 24
337 24
179 24
181 24
215 24
125 24
192 25
321 25
165 25
198 25
46 25
148 25
247 25
293 26
107 26
268 26
343 26
312 26
90 26
384 27
385 27
228 27
308 27
351 27
256 28
331 28
152 28
214 28
257 29
249 29
305 29
326 30
363 30
300 30
307 30
376 30
350 31
242 31
250 31
378 31
121 32
348 32
365 32
298 33
223 33
233 34
246 34
377 34
240 35
306 35
253 35
375 35
370 36
371 36
372 36
374 36
251 37
373 37
364 38
366 38
367 38
368 38
369 38
252 39
356 40
234 41
310 42
